version https://git-lfs.github.com/spec/v1
oid sha256:c0747bfc010ff7d148e05aeeed56cca726d8ddbb9704c9fd4c565af07598ab64
size 13172
