version https://git-lfs.github.com/spec/v1
oid sha256:69d55145973b22c01145dc0005b4652596c3de12912b9026f487e66e01355f6e
size 201
